#
# Sprite sheet data for MonoGame.
#
# To learn how to import these sprites into your MonoGame project visit:
# http://www.codeandweb.com/texturepacker/monogame
#
# Sprite sheet: fanatiblaster.png (1024 x 160)
# $TexturePacker:SmartUpdate:8ba7eff11a87a8a4a844332b91ffa06b:a32846f1527597a48f9a7ea3264600bd:b31e90b5d467be7a90b3572c854ec9f7$
#

dart_down;0;965;79;8;20;8;20;0.5;0.5
dart_left;0;981;116;20;8;20;8;0.5;0.5
dart_right;0;1003;116;20;8;20;8;0.5;0.5
dart_up;0;975;79;8;20;8;20;0.5;0.5
down/spritesheetforthegame_1_0;1;329;123;54;36;40;54;0.5;0.5
down/spritesheetforthegame_1_1;0;514;1;36;54;40;54;0.4722222222222222;0.5
down/spritesheetforthegame_1_2;0;590;1;35;54;40;54;0.5142857142857142;0.5
down/spritesheetforthegame_1_3;1;57;126;54;33;40;54;0.48484848484848486;0.5
down/spritesheetforthegame_1_4;0;697;57;33;54;40;54;0.48484848484848486;0.5
down/spritesheetforthegame_1_5;0;623;57;35;54;40;54;0.5142857142857142;0.5
down/spritesheetforthegame_1_6;1;113;125;54;34;40;54;0.5;0.5
down/spritesheetforthegame_1_7;1;1;127;54;32;40;54;0.5;0.5
down/spritesheetforthegame_1_8;1;169;125;54;34;40;54;0.5;0.5
explosion_sprite_sheet_i0_0_0;0;985;79;38;35;64;64;0.5;0.45714285714285713
explosion_sprite_sheet_i0_0_1;1;702;113;40;44;64;64;0.5;0.45
explosion_sprite_sheet_i0_0_2;1;898;106;43;49;64;64;0.4897959183673469;0.4418604651162791
explosion_sprite_sheet_i0_0_3;0;492;113;51;46;64;64;0.49019607843137253;0.43478260869565216
explosion_sprite_sheet_i0_0_4;1;424;1;49;54;64;64;0.48148148148148145;0.42857142857142855
explosion_sprite_sheet_i0_1_0;1;373;1;49;56;64;64;0.48214285714285715;0.42857142857142855
explosion_sprite_sheet_i0_1_1;1;368;61;50;57;64;64;0.47368421052631576;0.42
explosion_sprite_sheet_i0_1_2;1;321;1;50;58;64;64;0.4827586206896552;0.42
explosion_sprite_sheet_i0_1_3;1;267;1;52;59;64;64;0.4745762711864407;0.4230769230769231
explosion_sprite_sheet_i0_1_4;1;55;64;52;60;64;64;0.48333333333333334;0.4230769230769231
explosion_sprite_sheet_i0_2_0;1;109;1;52;60;64;64;0.48333333333333334;0.4230769230769231
explosion_sprite_sheet_i0_2_1;1;109;63;52;60;64;64;0.48333333333333334;0.4230769230769231
explosion_sprite_sheet_i0_2_2;1;1;1;52;61;64;64;0.4918032786885246;0.4230769230769231
explosion_sprite_sheet_i0_2_3;1;1;64;52;61;64;64;0.4918032786885246;0.4230769230769231
explosion_sprite_sheet_i0_2_4;1;55;1;52;61;64;64;0.4918032786885246;0.4230769230769231
explosion_sprite_sheet_i0_3_0;1;163;1;50;60;64;64;0.48333333333333334;0.42
explosion_sprite_sheet_i0_3_1;1;163;63;50;60;64;64;0.48333333333333334;0.42
explosion_sprite_sheet_i0_3_2;1;215;1;50;60;64;64;0.48333333333333334;0.42
explosion_sprite_sheet_i0_3_3;1;215;63;49;60;64;64;0.48333333333333334;0.40816326530612246
explosion_sprite_sheet_i0_3_4;1;266;63;49;60;64;64;0.48333333333333334;0.40816326530612246
explosion_sprite_sheet_i0_4_0;1;317;62;49;59;64;64;0.4745762711864407;0.40816326530612246
explosion_sprite_sheet_i0_4_1;1;420;59;47;56;64;64;0.48214285714285715;0.3829787234042553
explosion_sprite_sheet_i0_4_2;0;438;117;52;40;64;64;0.4423076923076923;0.45
explosion_sprite_sheet_i0_4_3;1;943;104;36;47;64;64;0.425531914893617;0.4722222222222222
explosion_sprite_sheet_i0_4_4;1;981;126;15;18;64;64;0;0.6666666666666666
left/folderbaddie_0_0;0;926;53;37;49;39;50;0.47297297297297297;0.4897959183673469
left/folderbaddie_0_1;0;934;1;37;49;39;50;0.47297297297297297;0.4897959183673469
left/scbaddie_0_0;1;598;113;50;44;54;54;0.5;0.5
left/spritesheetforthegame_0_0;0;823;1;35;51;40;54;0.5142857142857142;0.5098039215686274
left/spritesheetforthegame_0_1;0;823;107;35;51;40;54;0.5142857142857142;0.5098039215686274
left/spritesheetforthegame_0_2;1;225;125;50;34;40;54;0.5294117647058824;0.5
left/spritesheetforthegame_0_3;0;889;54;35;50;40;54;0.5428571428571428;0.5
left/spritesheetforthegame_0_4;0;814;54;36;51;40;54;0.5;0.49019607843137253
left/spritesheetforthegame_0_5;0;701;1;40;51;40;54;0.5;0.49019607843137253
left/spritesheetforthegame_0_6;1;385;120;51;39;40;54;0.48717948717948717;0.49019607843137253
left/spritesheetforthegame_0_7;0;744;107;38;51;40;54;0.5;0.49019607843137253
left/spritesheetforthegame_0_8;0;784;1;37;51;40;54;0.5135135135135135;0.49019607843137253
middle/scbaddie_0_1;1;545;113;51;44;54;54;0.5;0.5098039215686274
right/folderbaddie_1_0;1;973;1;49;37;39;50;0.47297297297297297;0.5102040816326531
right/folderbaddie_1_1;1;973;40;49;37;39;50;0.47297297297297297;0.5102040816326531
right/scbaddie_0_2;1;650;113;50;44;54;54;0.5;0.5
right/spritesheetforthegame_2_0;0;852;54;35;51;40;54;0.45714285714285713;0.47058823529411764
right/spritesheetforthegame_2_1;0;860;1;35;51;40;54;0.45714285714285713;0.47058823529411764
right/spritesheetforthegame_2_2;1;277;125;50;34;40;54;0.47058823529411764;0.46
right/spritesheetforthegame_2_3;0;897;1;35;50;40;54;0.45714285714285713;0.46
right/spritesheetforthegame_2_4;0;860;107;36;50;40;54;0.4444444444444444;0.46
right/spritesheetforthegame_2_5;0;732;54;40;51;40;54;0.5;0.47058823529411764
right/spritesheetforthegame_2_6;0;743;1;39;51;40;54;0.48717948717948717;0.47058823529411764
right/spritesheetforthegame_2_7;0;774;54;38;51;40;54;0.47368421052631576;0.47058823529411764
right/spritesheetforthegame_2_8;0;784;107;37;51;40;54;0.4864864864864865;0.49019607843137253
up/spritesheetforthegame_3_0;0;547;57;36;54;40;54;0.5555555555555556;0.5
up/spritesheetforthegame_3_1;0;627;1;35;54;40;54;0.5142857142857142;0.5
up/spritesheetforthegame_3_2;0;660;57;35;54;40;54;0.5142857142857142;0.5
up/spritesheetforthegame_3_3;0;552;1;36;54;40;54;0.5277777777777778;0.5
up/spritesheetforthegame_3_4;0;664;1;35;54;40;54;0.5142857142857142;0.5
up/spritesheetforthegame_3_5;0;585;57;36;54;40;54;0.5;0.5
up/spritesheetforthegame_3_6;0;469;57;37;54;40;54;0.5135135135135135;0.5
up/spritesheetforthegame_3_7;0;475;1;37;54;40;54;0.4864864864864865;0.5
up/spritesheetforthegame_3_8;0;508;57;37;54;40;54;0.4864864864864865;0.5